462.56250,462.56250,51,7,0,0,0,0,0,1,0,0,0,-1,1,0,D023N,D023N
462.58750,462.58750,51,51,0,0,0,0,0,1,0,0,0,-1,1,0,D023N,D023N
462.61250,462.61250,51,23,0,0,0,0,0,1,0,0,0,-1,1,0,D023N,D023N
462.63750,462.63750,51,91,0,0,0,1,0,1,0,0,0,-1,1,0,D023N,D023N
462.66250,462.66250,51,18,0,0,0,1,0,1,0,0,0,-1,1,0,D023N,D023N
467.58750,455.57500,51,79,0,0,0,1,0,1,0,0,0,-1,1,0,D023N,D023N
462.71250,462.71250,51,28,0,0,0,1,0,1,0,0,0,-1,1,0,D023N,D023N
467.58750,467.58750,51,1,0,0,0,1,0,1,0,0,0,-1,1,0,D023N,D023N
467.58750,467.58750,51,1,0,0,0,1,0,1,0,0,0,-1,1,0,D023N,D023N
467.61250,467.61250,51,-1,0,0,0,1,0,1,0,0,0,-1,1,0,D023N,D023N
467.63750,467.63750,51,21,0,0,0,1,0,1,0,0,0,-1,1,0,D023N,D023N
467.66250,467.66250,51,-1,0,0,0,1,0,1,0,0,0,-1,1,0,D023N,D023N
467.68750,467.68750,51,48,0,0,0,1,0,1,0,0,0,-1,1,0,D023N,D023N
467.71250,467.71250,51,139,0,0,0,1,0,1,0,0,0,-1,1,0,D023N,D023N
446.50000,446.50000,51,37,0,0,0,1,0,1,0,0,0,-1,1,0,D023N,D023N
444.40000,449.40000,14,-1,0,0,0,1,0,1,0,0,0,-1,1,0,103.5,103.5

2000
0
0
0
0
0
1
4
0
1
1
3
0
4
2
5
0
2
0
0
0
0
1
0
2
0
10
0
0
0
0


000









0
12
0
0
0
0
0
0
0
0
0
0
60
60
0
0
0
0
0
5
5
5
0
0
1
0
0
0
0
































0
0
1
0
0
0
0
0
1
0
0
1
0
0
1
0
0
1
0
0
1
0
0
0












0
0
0
0
0
0
0
0
0
0
0
0
0
0
0
0
0
0
0
0
0
0
0
0
0
0
0
0
0
0
0
0
0
0
0
0
0
0
0
0
0
0



0
0
0
0
0
0
0
0
0
0
0
0
0
0
0
0
0

0
0
0

0
0
0




0
66
1
0


400
520
0


0
