452.87500,452.87500,7,7,0,0,0,1,0,1,0,0,0,-1,1,0,82.5,82.5
454.32500,454.32500,51,51,0,0,0,1,0,1,0,0,0,-1,1,0,D023N,D023N
454.62500,454.62500,23,23,0,0,0,1,0,1,0,0,0,-1,1,0,141.3,141.3
455.12500,455.12500,91,91,0,0,0,1,0,1,0,0,0,-1,1,0,D245N,D245N
455.42500,455.42500,18,18,0,0,0,1,0,1,0,0,0,-1,1,0,118.8,118.8
455.57500,455.57500,79,79,0,0,0,1,0,1,0,0,0,-1,1,0,D156N,D156N
455.62500,455.62500,28,28,0,0,0,1,0,1,0,0,0,-1,1,0,162.2,162.2
400.25000,400.25000,1,1,0,0,0,1,0,1,0,0,0,-1,1,0,67.0,67.0
469.98500,469.98500,1,1,0,0,0,1,0,1,0,0,0,-1,1,0,67.0,67.0
450.12500,450.12500,-1,-1,0,0,0,1,0,1,0,0,0,-1,1,0,D445£É,D445£É
450.87500,450.87500,21,21,0,0,0,1,0,1,0,0,0,-1,1,0,131.8,131.8
451.32500,451.32500,-1,-1,0,0,0,1,0,1,0,0,0,-1,1,0,D346£É,D346£É
452.45000,452.45000,48,48,0,0,0,1,0,1,0,0,0,-1,1,0,241.8,241.8
453.47500,453.47500,139,139,0,0,0,1,0,1,0,0,0,-1,1,0,D612N,D612N
454.57500,454.57500,37,37,0,0,0,1,0,1,0,0,0,-1,1,0,189.9,189.9
451.87500,451.87500,-1,-1,0,0,0,1,0,1,0,0,0,-1,1,0,D523£É,D523£É

2000
0
0
0
0
0
1
4
0
1
1
3
0
4
2
5
0
2
0
0
0
0
1
0
2
0
10
0
0
0
0


000









0
12
0
0
0
0
0
0
0
0
0
0
60
60
0
0
0
0
0
5
5
5
0
0
1
0
0
0
0
































0
0
1
0
0
0
0
0
1
0
0
1
0
0
1
0
0
1
0
0
1
0
0
0












0
0
0
0
0
0
0
0
0
0
0
0
0
0
0
0
0
0
0
0
0
0
0
0
0
0
0
0
0
0
0
0
0
0
0
0
0
0
0
0
0
0



0
0
0
0
0
0
0
0
0
0
0
0
0
0
0
0
0

0
0
0

0
0
0




0
66
1
0


400
520
0


0
